站號,站名,日期,lat,lon,BlastTF
12J990,口湖工作站,2022-02-27,23.589978,120.180394,0.0371
12Q970,東港工作站,2022-02-27,22.479997,120.466058,0.0956
12Q980,恆春工作站,2022-02-27,22.079678,120.714425,0.1603
466881,新北,2022-02-27,24.9593,121.52,0.0033
466900,淡水,2022-02-27,25.164889,121.448906,0.0026
466920,臺北,2022-02-27,25.037658,121.514853,0.0037
466940,基隆,2022-02-27,25.133314,121.740475,0.0052
466990,花蓮,2022-02-27,23.975128,121.613275,0.5079
467050,新屋,2022-02-27,25.006744,121.047486,0.0063
467060,蘇澳,2022-02-27,24.596736,121.857372,0.0406
467080,宜蘭,2022-02-27,24.763975,121.756528,0.0164
467270,田中,2022-02-27,23.873803,120.581286,0.0341
467300,東吉島,2022-02-27,23.25695,119.667467,0.0039
467350,澎湖,2022-02-27,23.565503,119.563094,0.0032
467410,臺南,2022-02-27,22.993239,120.204772,0.0925
467420,永康,2022-02-27,23.038386,120.2367,0.0965
467441,高雄,2022-02-27,22.7304,120.3125,0.1088
467480,嘉義,2022-02-27,23.495925,120.432906,0.06
467490,臺中,2022-02-27,24.145736,120.684075,0.0509
467540,大武,2022-02-27,22.355675,120.903789,0.4367
467571,新竹,2022-02-27,24.827853,121.014219,0.0029
467590,恆春,2022-02-27,22.003897,120.746339,0.1403
467610,成功,2022-02-27,23.097486,121.373428,0.0798
467620,蘭嶼,2022-02-27,22.036969,121.558339,0.0773
467660,臺東,2022-02-27,22.752211,121.154586,0.035
467790,墾丁雷達站,2022-02-27,21.948235,120.808028,0.1246
72AI40,桃改臺北分場,2022-02-27,24.944503,121.386972,0.0035
72C440,桃園農改場,2022-02-27,24.950944,121.030583,0.0057
72D680,新埔,2022-02-27,24.834444,121.066111,0.0032
72G600,臺中農改場,2022-02-27,24.003028,120.534389,0.0436
72K220,雲林分場,2022-02-27,23.634556,120.477333,0.0426
72L140,朴子分場,2022-02-27,23.4982,120.2414,0.0547
72M360,義竹工作站,2022-02-27,23.360694,120.279361,0.0833
72M700,嘉義分場,2022-02-27,23.416869,120.283061,0.0888
72N100,臺南農改場,2022-02-27,23.0605,120.342194,0.0773
72N240,七股研究中心,2022-02-27,23.081672,120.062894,0.0706
72Q010,高雄農改場,2022-02-27,22.709333,120.525889,0.051
72S200,斑鳩分場,2022-02-27,22.829528,121.077694,0.02
72S590,賓朗果園,2022-02-27,22.813889,121.071278,0.015
72T250,花蓮農改場,2022-02-27,23.975222,121.563889,0.475
72U480,蘭陽分場,2022-02-27,24.686306,121.716583,0.0196
72V140,旗南,2022-02-27,22.857861,120.516667,0.0358
82A750,文山分場,2022-02-27,24.955778,121.631222,0.0075
82C160,茶改場(楊梅),2022-02-27,24.908472,121.185333,0.0035
82H840,凍頂工作站,2022-02-27,23.762528,120.7405,0.0161
82S580,龍田,2022-02-27,22.907694,121.130139,0.0222
A0K420,麥寮,2022-02-27,23.7988,120.2177,0.0372
A0W080,吉貝,2022-02-27,23.74,119.6042,0.0018
A2C560,農工中心,2022-02-27,24.985917,121.239833,0.0023
A2K360,臺西分所,2022-02-27,23.717231,120.190522,0.0244
A2K570,古坑(花卉中心),2022-02-27,23.633531,120.552392,0.0262
A2K630,臺大雲林校區,2022-02-27,23.730628,120.423903,0.0232
A2N290,臺南蘭花園區,2022-02-27,23.340258,120.379661,0.0962
B2E890,新竹畜試,2022-02-27,24.527806,120.770972,0.0069
B2N890,畜產試驗所,2022-02-27,23.058972,120.336406,0.0773
B2Q810,恆春分所,2022-02-27,21.945583,120.802167,0.1476
B2U990,宜蘭畜試,2022-02-27,24.669039,121.832561,0.0215
C0A520,山佳,2022-02-27,24.974944,121.402008,0.0035
C0A530,坪林,2022-02-27,24.938183,121.70975,0.0101
C0A540,四堵,2022-02-27,24.8926,121.745736,0.0017
C0A550,泰平,2022-02-27,24.971197,121.823711,0.0077
C0A560,福山,2022-02-27,24.776203,121.502811,0.0075
C0A570,桶後,2022-02-27,24.848222,121.597992,0.0024
C0A640,石碇,2022-02-27,24.993969,121.662917,0.0098
C0A650,火燒寮,2022-02-27,25.002719,121.742892,0.0079
C0A660,瑞芳,2022-02-27,25.113169,121.801147,0.0102
C0A770,科教館,2022-02-27,25.096356,121.516507,0.004
C0A860,大坪,2022-02-27,25.165914,121.632969,0.0015
C0A880,福隆,2022-02-27,25.017842,121.942083,0.0161
C0A890,雙溪,2022-02-27,25.036003,121.864242,0.0041
C0A920,富貴角,2022-02-27,25.263783,121.565258,0.0026
C0A931,三和,2022-02-27,25.233153,121.595236,0.0102
C0A940,金山,2022-02-27,25.223628,121.643967,0.002
C0A950,鼻頭角,2022-02-27,25.129036,121.923372,0.0168
C0A970,三貂角,2022-02-27,25.007606,122.002058,0.0172
C0A980,社子,2022-02-27,25.109508,121.469681,0.004
C0A9C0,天母,2022-02-27,25.117494,121.537169,0.0037
C0A9F0,內湖,2022-02-27,25.079422,121.57545,0.0037
C0AC60,三峽,2022-02-27,24.939025,121.369728,0.0032
C0AC70,信義,2022-02-27,25.037822,121.564597,0.0037
C0AC80,文山,2022-02-27,25.00235,121.575728,0.0029
C0ACA0,新莊,2022-02-27,25.051478,121.446756,0.003
C0AD00,三芝,2022-02-27,25.258131,121.501917,0.0017
C0AD10,八里,2022-02-27,25.150211,121.403947,0.0026
C0AD30,蘆洲,2022-02-27,25.086594,121.472331,0.004
C0AD40,土城,2022-02-27,24.973208,121.445169,0.0038
C0AD50,鶯歌,2022-02-27,24.951533,121.346294,0.0038
C0AG80,中和,2022-02-27,24.991622,121.491792,0.0037
C0AH00,汐止,2022-02-27,25.066881,121.658778,0.005
C0AH10,永和,2022-02-27,25.01125,121.508111,0.0039
C0AH40,平等,2022-02-27,25.129142,121.577086,0.0013
C0AH50,林口,2022-02-27,25.072181,121.38084,0.0022
C0AH70,松山,2022-02-27,25.04871,121.55042,0.0037
C0AH80,深坑,2022-02-27,25.002703,121.628328,0.0029
C0AI00,五股,2022-02-27,25.07445,121.42728,0.001
C0AI10,屈尺,2022-02-27,24.92184,121.54475,0.0029
C0AI20,白沙灣,2022-02-27,25.283128,121.519058,0.0023
C0AI30,三重,2022-02-27,25.057328,121.500629,0.004
C0AI40,石牌,2022-02-27,25.115597,121.513139,0.0038
C0AJ10,澳底,2022-02-27,25.057107,121.927272,0.0177
C0AJ20,野柳,2022-02-27,25.20703,121.690021,0.005
C0AJ30,淡水觀海,2022-02-27,25.184591,121.408616,0.0028
C0AJ40,石門,2022-02-27,25.273672,121.601198,0.0023
C0AJ50,水湳洞,2022-02-27,25.123695,121.862238,0.005
C0AJ60,六塊厝,2022-02-27,25.24,121.4481,0.0028
C0AJ70,田寮,2022-02-27,25.2698,121.4886,0.0024
C0AJ80,板橋,2022-02-27,25.0107,121.4489,0.0038
C0B010,七堵,2022-02-27,25.094819,121.71713,0.0045
C0B020,基隆嶼,2022-02-27,25.19141,121.78391,0.005
C0B040,大武崙,2022-02-27,25.166676,121.706993,0.0045
C0B050,八斗子,2022-02-27,25.144754,121.79167,0.0055
C0B060,暖暖,2022-02-27,25.0957,121.7403,0.0035
C0C460,復興,2022-02-27,24.820208,121.352281,0.0021
C0C480,桃園,2022-02-27,24.992425,121.323172,0.0015
C0C490,八德,2022-02-27,24.928708,121.283289,0.0031
C0C590,觀音,2022-02-27,25.027072,121.153317,0.0047
C0C620,蘆竹,2022-02-27,25.084275,121.265767,0.0024
C0C630,大溪,2022-02-27,24.882853,121.265547,0.0036
C0C650,平鎮,2022-02-27,24.897503,121.214636,0.0035
C0C660,楊梅,2022-02-27,24.912375,121.143047,0.0034
C0C670,龍潭,2022-02-27,24.870056,121.221389,0.0019
C0C680,龜山,2022-02-27,25.02846,121.38656,0.0047
C0C700,中壢,2022-02-27,24.977661,121.256375,0.002
C0C710,大溪永福,2022-02-27,24.892936,121.324975,0.0021
C0C720,竹圍,2022-02-27,25.112692,121.239824,0.0026
C0C730,中大臨海站,2022-02-27,24.966126,121.008581,0.0071
C0C740,觀音工業區,2022-02-27,25.064764,121.114856,0.0019
C0C750,新興坑尾,2022-02-27,25.0061,121.0971,0.0023
C0D390,關西,2022-02-27,24.7977,121.1732,0.0046
C0D430,峨眉,2022-02-27,24.6905,121.017189,0.0066
C0D480,打鐵坑,2022-02-27,24.849664,121.150789,0.0031
C0D540,橫山,2022-02-27,24.71116,121.11693,0.0028
C0D560,竹東,2022-02-27,24.767147,121.057881,0.0042
C0D580,寶山,2022-02-27,24.735006,121.025192,0.0042
C0D590,新豐,2022-02-27,24.87068,120.97721,0.0059
C0D650,湖口,2022-02-27,24.904794,121.043628,0.0044
C0D660,新竹市東區,2022-02-27,24.798681,120.986942,0.0038
C0D670,海天一線,2022-02-27,24.831986,120.914438,0.0059
C0D680,香山濕地,2022-02-27,24.783581,120.914988,0.0057
C0D690,外湖,2022-02-27,24.917735,120.968711,0.0071
C0E420,竹南,2022-02-27,24.708978,120.888897,0.005
C0E430,南庄,2022-02-27,24.601775,121.000214,0.0047
C0E520,大湖,2022-02-27,24.41494,120.87087,0.0056
C0E540,後龍,2022-02-27,24.606489,120.783933,0.0074
C0E550,明德,2022-02-27,24.583486,120.885411,0.0041
C0E590,通霄,2022-02-27,24.471892,120.704622,0.0078
C0E730,頭份,2022-02-27,24.688247,120.912206,0.005
C0E740,造橋,2022-02-27,24.637056,120.864778,0.0049
C0E750,苗栗,2022-02-27,24.564569,120.824575,0.0058
C0E780,銅鑼,2022-02-27,24.489681,120.790853,0.0074
C0E791,卓蘭,2022-02-27,24.3126,120.8244,0.0118
C0E810,西湖,2022-02-27,24.562947,120.7485,0.0064
C0E820,獅潭,2022-02-27,24.539133,120.920042,0.0054
C0E830,苑裡,2022-02-27,24.439714,120.653053,0.0123
C0E850,大河,2022-02-27,24.618069,120.948578,0.0038
C0E870,高鐵苗栗,2022-02-27,24.60725,120.826094,0.007
C0E910,海埔,2022-02-27,24.648767,120.772435,0.0064
C0E920,通霄漁港,2022-02-27,24.498589,120.673876,0.0099
C0E930,龍鳳,2022-02-27,24.700034,120.859125,0.0057
C0F000,大肚,2022-02-27,24.15295,120.572117,0.008
C0F0B0,石岡,2022-02-27,24.276061,120.777644,0.0083
C0F850,東勢,2022-02-27,24.246428,120.833047,0.0084
C0F930,大甲,2022-02-27,24.347667,120.640403,0.0128
C0F970,大坑,2022-02-27,24.173142,120.722289,0.0242
C0F9A0,中竹林,2022-02-27,24.103556,120.751061,0.0098
C0F9I0,神岡,2022-02-27,24.272481,120.658314,0.0092
C0F9K0,大安,2022-02-27,24.345061,120.588025,0.0199
C0F9L0,后里,2022-02-27,24.310436,120.729725,0.0062
C0F9M0,豐原,2022-02-27,24.254322,120.720692,0.0076
C0F9N0,大里,2022-02-27,24.092464,120.701378,0.0504
C0F9O0,潭子,2022-02-27,24.213106,120.703933,0.0151
C0F9P0,清水,2022-02-27,24.312297,120.562242,0.0219
C0F9Q0,外埔,2022-02-27,24.347817,120.705686,0.0115
C0F9R0,龍井,2022-02-27,24.184536,120.528972,0.0219
C0F9S0,烏日,2022-02-27,24.107058,120.624103,0.0332
C0F9T0,西屯,2022-02-27,24.179494,120.641275,0.0219
C0F9U0,南屯,2022-02-27,24.137006,120.637969,0.0504
C0F9X0,大雅(中科園區),2022-02-27,24.21528,120.62445,0.0149
C0FA10,松柏,2022-02-27,24.429115,120.617482,0.014
C0FA20,溫寮,2022-02-27,24.372177,120.583125,0.014
C0FA30,梧棲,2022-02-27,24.256003,120.523381,0.0219
C0FA40,臺中電廠,2022-02-27,24.2146,120.4907,0.0219
C0FA50,霧峰,2022-02-27,24.0419,120.6995,0.0665
C0G620,芬園,2022-02-27,24.015678,120.6213,0.0316
C0G640,鹿港,2022-02-27,24.0753,120.430481,0.0258
C0G650,員林,2022-02-27,23.946503,120.585597,0.0486
C0G660,溪湖,2022-02-27,23.94835,120.479122,0.0425
C0G720,溪州,2022-02-27,23.851589,120.499093,0.0172
C0G730,二林,2022-02-27,23.903325,120.376081,0.0239
C0G740,大城,2022-02-27,23.852487,120.320935,0.0155
C0G770,福興,2022-02-27,24.041289,120.437669,0.0258
C0G780,秀水,2022-02-27,24.03405,120.503869,0.0456
C0G800,埔鹽,2022-02-27,24.000394,120.431683,0.0258
C0G810,埔心,2022-02-27,23.947633,120.525456,0.0409
C0G820,田尾,2022-02-27,23.901669,120.509389,0.0389
C0G830,埤頭,2022-02-27,23.866003,120.452806,0.0189
C0G840,北斗,2022-02-27,23.877586,120.514222,0.0389
C0G860,社頭,2022-02-27,23.897647,120.5862,0.0462
C0G870,芳苑,2022-02-27,23.922303,120.320025,0.0161
C0G880,二水,2022-02-27,23.810742,120.6173,0.0267
C0G890,伸港,2022-02-27,24.148933,120.484403,0.0327
C0G900,線西,2022-02-27,24.143358,120.443536,0.0294
C0G910,花壇,2022-02-27,24.032076,120.549461,0.0422
C0G920,永靖,2022-02-27,23.924703,120.547533,0.0389
C0G940,竹塘,2022-02-27,23.848253,120.386764,0.0156
C0G950,防潮門,2022-02-27,24.1835,120.4871,0.0225
C0G960,福寶,2022-02-27,24.0443,120.3814,0.0268
C0G970,三豐,2022-02-27,23.882,120.2895,0.0161
C0H890,埔里,2022-02-27,23.972169,120.952425,0.0408
C0H950,中寮,2022-02-27,23.884447,120.766406,0.0173
C0H960,草屯,2022-02-27,23.973672,120.68085,0.0151
C0I110,竹山,2022-02-27,23.761225,120.688156,0.0222
C0I360,水里,2022-02-27,23.812553,120.849792,0.0154
C0I380,集集,2022-02-27,23.828206,120.801467,0.0169
C0I410,名間,2022-02-27,23.837053,120.701447,0.0167
C0I420,國姓,2022-02-27,24.037803,120.855072,0.0291
C0I460,南投,2022-02-27,23.911469,120.687331,0.015
C0K250,崙背,2022-02-27,23.75555,120.318925,0.0218
C0K280,四湖,2022-02-27,23.630414,120.227125,0.0311
C0K291,宜梧,2022-02-27,23.536281,120.169329,0.0581
C0K330,虎尾,2022-02-27,23.719183,120.442036,0.0223
C0K390,土庫,2022-02-27,23.679029,120.395574,0.0232
C0K400,斗六,2022-02-27,23.720583,120.541127,0.0286
C0K410,北港,2022-02-27,23.573957,120.292802,0.0586
C0K420,西螺,2022-02-27,23.800407,120.467394,0.0198
C0K430,褒忠,2022-02-27,23.690938,120.303634,0.0372
C0K440,二崙,2022-02-27,23.772797,120.408944,0.0152
C0K450,大埤,2022-02-27,23.646074,120.431537,0.03
C0K460,斗南,2022-02-27,23.678734,120.478359,0.0315
C0K470,林內,2022-02-27,23.748675,120.609642,0.0321
C0K480,莿桐,2022-02-27,23.761192,120.502372,0.019
C0K500,元長,2022-02-27,23.64981,120.315024,0.0526
C0K510,水林,2022-02-27,23.572924,120.24597,0.0351
C0K530,臺西,2022-02-27,23.701547,120.197559,0.0229
C0K550,蔦松,2022-02-27,23.514319,120.229736,0.0547
C0K560,棋山,2022-02-27,23.68645,120.603417,0.0447
C0K580,高鐵雲林,2022-02-27,23.737456,120.417944,0.0232
C0K590,雲林東勢,2022-02-27,23.674192,120.255721,0.0372
C0K600,箔子寮,2022-02-27,23.6197,120.14,0.0371
C0M410,馬頭山,2022-02-27,23.324361,120.582017,0.0103
C0M520,東後寮,2022-02-27,23.369908,120.248065,0.0684
C0M640,中埔,2022-02-27,23.42538,120.5229,0.0303
C0M650,朴子,2022-02-27,23.43463,120.23902,0.0733
C0M660,溪口,2022-02-27,23.604131,120.403569,0.0704
C0M670,大林,2022-02-27,23.600616,120.45841,0.0933
C0M680,太保,2022-02-27,23.455062,120.331455,0.0809
C0M690,水上,2022-02-27,23.419734,120.388909,0.0641
C0M700,竹崎,2022-02-27,23.526178,120.555508,0.0197
C0M710,東石,2022-02-27,23.458927,120.15385,0.0547
C0M720,番路,2022-02-27,23.464657,120.554156,0.0197
C0M730,嘉義市東區,2022-02-27,23.457673,120.460531,0.047
C0M740,六腳,2022-02-27,23.492871,120.290625,0.0851
C0M750,布袋,2022-02-27,23.380878,120.167789,0.0733
C0M760,民雄,2022-02-27,23.551754,120.428457,0.0642
C0M770,嘉義梅山,2022-02-27,23.585398,120.555587,0.0355
C0M780,鹿草,2022-02-27,23.41134,120.30835,0.0846
C0M790,新港,2022-02-27,23.553269,120.345728,0.056
C0M800,茶山,2022-02-27,23.299075,120.664767,0.0422
C0M880,好美里,2022-02-27,23.3364,120.138,0.0664
C0N010,鯤鯓國小,2022-02-27,23.1879,120.0889,0.1226
C0N020,城西,2022-02-27,23.0568,120.0956,0.0666
C0N030,四草,2022-02-27,23.0235,120.1116,0.1736
C0N040,蘆竹溝,2022-02-27,23.2344,120.0961,0.1226
C0N050,蚵寮,2022-02-27,23.301,120.1104,0.1226
C0O810,曾文,2022-02-27,23.219681,120.497328,0.0608
C0O830,北寮,2022-02-27,23.079561,120.495008,0.0194
C0O840,王爺宮,2022-02-27,23.222064,120.40085,0.0608
C0O860,大內,2022-02-27,23.11885,120.36083,0.0619
C0O900,善化,2022-02-27,23.112883,120.297219,0.0878
C0O930,玉井,2022-02-27,23.126042,120.46055,0.0977
C0O950,安南,2022-02-27,23.076694,120.144861,0.0567
C0O960,崎頂,2022-02-27,22.959547,120.369317,0.0156
C0O970,虎頭埤,2022-02-27,23.021375,120.347878,0.0998
C0O980,新市,2022-02-27,23.061614,120.298197,0.0878
C0O990,媽廟,2022-02-27,22.99175,120.293525,0.1069
C0R150,三地門,2022-02-27,22.709889,120.639944,0.0811
C0R160,鹽埔,2022-02-27,22.739558,120.530778,0.051
C0R170,屏東,2022-02-27,22.660269,120.494072,0.0742
C0R190,赤山,2022-02-27,22.592333,120.614306,0.0642
C0R220,潮州,2022-02-27,22.534361,120.54,0.0658
C0R240,來義,2022-02-27,22.527306,120.625111,0.0792
C0R260,春日,2022-02-27,22.370361,120.628306,0.0948
C0R270,琉球嶼,2022-02-27,22.332244,120.362236,0.0908
C0R280,檳榔,2022-02-27,22.076078,120.836777,0.0504
C0R320,車城,2022-02-27,22.0744,120.716247,0.1603
C0R341,牡丹,2022-02-27,22.130036,120.792639,0.0503
C0R350,貓鼻頭,2022-02-27,21.921774,120.7358,0.1357
C0R470,高樹,2022-02-27,22.826389,120.600806,0.0797
C0R480,長治,2022-02-27,22.693128,120.542622,0.0483
C0R490,九如,2022-02-27,22.7405,120.490503,0.0704
C0R520,崁頂,2022-02-27,22.514781,120.506914,0.0904
C0R540,佳冬,2022-02-27,22.419456,120.552375,0.0956
C0R550,新埤,2022-02-27,22.467947,120.582894,0.0665
C0R560,新園,2022-02-27,22.5434,120.461558,0.0904
C0R570,麟洛,2022-02-27,22.65078,120.52719,0.0704
C0R580,南州,2022-02-27,22.48591,120.50274,0.0956
C0R590,里港,2022-02-27,22.77919,120.49459,0.0464
C0R620,墾雷,2022-02-27,21.900836,120.855269,0.1357
C0R640,東港,2022-02-27,22.46247,120.44074,0.1056
C0R650,竹田,2022-02-27,22.58486,120.54344,0.0704
C0R660,枋寮,2022-02-27,22.367722,120.590647,0.0722
C0R670,楓港,2022-02-27,22.190131,120.692156,0.1342
C0R680,佳樂水,2022-02-27,21.993578,120.861633,0.1476
C0R690,墾丁,2022-02-27,21.966756,120.810269,0.0459
C0R700,枋山,2022-02-27,22.246844,120.661086,0.1342
C0R710,龍磐,2022-02-27,21.931672,120.838942,0.0909
C0R720,旭海,2022-02-27,22.205403,120.887614,0.124
C0R730,大坪頂,2022-02-27,22.024633,120.69355,0.0769
C0R740,獅子,2022-02-27,22.201569,120.70525,0.1074
C0R760,南仁湖,2022-02-27,22.084681,120.863353,0.0265
C0R770,保力,2022-02-27,22.071122,120.764111,0.1085
C0R780,滿州,2022-02-27,22.024403,120.839892,0.1289
C0R790,九棚,2022-02-27,22.14195,120.889281,0.1519
C0R800,丹路,2022-02-27,22.204481,120.750989,0.0687
C0R810,內獅,2022-02-27,22.305064,120.642986,0.1235
C0R830,高士,2022-02-27,22.121825,120.836781,0.0192
C0R850,林邊,2022-02-27,22.4634,120.5339,0.0904
C0R860,鼻頭,2022-02-27,22.1043,120.8979,0.1728
C0R870,興海,2022-02-27,21.9752,120.8439,0.1476
C0R880,後壁湖,2022-02-27,21.9457,120.7457,0.1656
C0R890,山海,2022-02-27,21.9878,120.7091,0.1603
C0R900,竹坑,2022-02-27,22.1385,120.7022,0.1447
C0R910,下寮,2022-02-27,22.3929,120.5548,0.0956
C0R920,塭仔,2022-02-27,22.4169,120.5197,0.0988
C0R930,萬丹,2022-02-27,22.5885,120.4851,0.0704
C0R940,加祿堂,2022-02-27,22.3363,120.6217,0.1235
C0S710,鹿野,2022-02-27,22.917711,121.122994,0.0155
C0S730,綠島,2022-02-27,22.6672,121.47533,0.053
C0S740,池上,2022-02-27,23.119628,121.209469,0.0169
C0S770,大溪山,2022-02-27,22.478475,120.943325,0.031
C0S790,金崙,2022-02-27,22.538122,120.966875,0.0864
C0S810,東河,2022-02-27,22.972672,121.303986,0.0499
C0S830,長濱,2022-02-27,23.286817,121.411975,0.0071
C0S840,南田,2022-02-27,22.279725,120.889208,0.3199
C0S890,關山,2022-02-27,23.0395,121.175017,0.0273
C0S900,蘭嶼高中,2022-02-27,22.04909,121.51214,0.3726
C0S910,蘭嶼燈塔,2022-02-27,22.081197,121.503117,0.2303
C0S920,金峰嘉蘭,2022-02-27,22.594789,120.960825,0.164
C0S930,延平,2022-02-27,22.902581,121.084058,0.0389
C0S940,石寧山,2022-02-27,23.223772,121.406639,0.0139
C0S950,七塊厝,2022-02-27,22.954453,121.229922,0.0174
C0S960,香蘭,2022-02-27,22.587569,120.993375,0.2359
C0S970,加津林,2022-02-27,22.416211,120.926942,0.4126
C0S990,山豬窟,2022-02-27,22.318619,120.857372,0.0427
C0SA00,歷坵,2022-02-27,22.520969,120.89185,0.0211
C0SA10,檳榔四格山,2022-02-27,22.810031,121.109308,0.0099
C0SA30,都歷,2022-02-27,23.020333,121.323642,0.0606
C0SA40,瑞和,2022-02-27,22.974361,121.156697,0.0313
C0SA60,知本（水試所）,2022-02-27,22.702394,121.082761,0.0875
C0SA80,土坂,2022-02-27,22.453108,120.887572,0.1341
C0SA90,達仁林場,2022-02-27,22.264347,120.823972,0.0212
C0T870,鯉魚潭,2022-02-27,23.935639,121.508944,0.3938
C0T900,西林,2022-02-27,23.8119,121.441458,0.3732
C0T960,光復,2022-02-27,23.660694,121.424964,0.4511
C0T9A0,月眉山,2022-02-27,23.809928,121.539828,0.1426
C0T9D0,和中,2022-02-27,24.26676,121.74103,0.3032
C0T9E0,大坑,2022-02-27,23.880628,121.581981,0.1973
C0T9F0,水璉,2022-02-27,23.797131,121.542514,0.2489
C0T9I0,豐濱,2022-02-27,23.583897,121.514806,0.3827
C0T9M0,靜浦,2022-02-27,23.455167,121.495028,0.4332
C0T9N0,富里,2022-02-27,23.171639,121.249378,0.0118
C0U600,礁溪,2022-02-27,24.817539,121.765608,0.0155
C0U650,玉蘭,2022-02-27,24.675286,121.587061,0.0439
C0U750,龜山島,2022-02-27,24.841667,121.953133,0.009
C0U760,東澳,2022-02-27,24.52196,121.83318,0.0365
C0U770,南澳,2022-02-27,24.44935,121.81022,0.0406
C0U780,五結,2022-02-27,24.68637,121.79794,0.0215
C0U860,頭城,2022-02-27,24.85323,121.8308,0.0164
C0U870,大礁溪,2022-02-27,24.791042,121.675047,0.0054
C0U880,北關,2022-02-27,24.9072,121.8734,0.003
C0U890,三星,2022-02-27,24.66812,121.65302,0.0096
C0U900,內城,2022-02-27,24.71813,121.68766,0.0135
C0U910,冬山,2022-02-27,24.63373,121.7937,0.0215
C0U940,羅東,2022-02-27,24.68184,121.74934,0.0205
C0U970,大福,2022-02-27,24.80064,121.81389,0.0171
C0U990,員山,2022-02-27,24.74435,121.72247,0.0205
C0UA00,土場,2022-02-27,24.576533,121.495333,0.0077
C0UA80,大溪漁港,2022-02-27,24.941801,121.902955,0.0155
C0UA90,石城,2022-02-27,24.980444,121.951214,0.0169
C0UB00,淡江大學蘭陽校園,2022-02-27,24.823239,121.730383,0.0049
C0UB10,蘇澳,2022-02-27,24.5969,121.8571,0.0406
C0UB20,壯圍,2022-02-27,24.7359,121.8163,0.0225
C0V250,甲仙,2022-02-27,23.080106,120.591758,0.0196
C0V260,月眉,2022-02-27,22.971003,120.539853,0.0222
C0V310,美濃,2022-02-27,22.898742,120.519153,0.0672
C0V350,溪埔,2022-02-27,22.738578,120.446797,0.0779
C0V360,內門,2022-02-27,22.975481,120.466769,0.0537
C0V370,古亭坑,2022-02-27,22.893178,120.401947,0.1058
C0V400,阿公店,2022-02-27,22.804194,120.355528,0.0625
C0V440,鳳山,2022-02-27,22.646653,120.356122,0.092
C0V450,鳳森,2022-02-27,22.545064,120.392592,0.0579
C0V490,新興,2022-02-27,22.627422,120.298803,0.1006
C0V530,阿蓮,2022-02-27,22.883208,120.327508,0.1434
C0V610,梓官,2022-02-27,22.760558,120.267211,0.082
C0V620,永安,2022-02-27,22.82315,120.236856,0.0593
C0V630,茄萣,2022-02-27,22.906642,120.182608,0.1503
C0V640,湖內,2022-02-27,22.887139,120.2445,0.1423
C0V650,彌陀,2022-02-27,22.783806,120.246361,0.0593
C0V660,岡山,2022-02-27,22.797078,120.294958,0.082
C0V680,仁武,2022-02-27,22.701083,120.347722,0.1048
C0V690,鼓山,2022-02-27,22.623325,120.275575,0.1006
C0V700,三民,2022-02-27,22.645017,120.311233,0.1006
C0V710,苓雅,2022-02-27,22.622742,120.330669,0.1006
C0V720,林園,2022-02-27,22.507747,120.394511,0.1006
C0V730,大寮,2022-02-27,22.605614,120.395717,0.0733
C0V740,旗山,2022-02-27,22.888614,120.483597,0.065
C0V750,路竹,2022-02-27,22.854997,120.259439,0.063
C0V760,橋頭,2022-02-27,22.757806,120.30575,0.0776
C0V770,大社,2022-02-27,22.730306,120.346639,0.1048
C0V790,萬山,2022-02-27,22.905944,120.688056,0.0422
C0V800,六龜,2022-02-27,22.997889,120.633583,0.0295
C0V810,左營,2022-02-27,22.67491,120.28491,0.1088
C0V820,小林,2022-02-27,23.148408,120.63325,0.0391
C0V840,鳳鼻頭,2022-02-27,22.5083,120.3591,0.1056
C0V850,蚵仔寮,2022-02-27,22.7256,120.2527,0.1144
C0V860,南寮,2022-02-27,22.7616,120.2339,0.0629
C0V870,文安,2022-02-27,22.8025,120.2164,0.0629
C0V880,興達,2022-02-27,22.8778,120.2127,0.1503
C0V890,前鎮,2022-02-27,22.5718,120.3117,0.1056
C0V900,汕尾,2022-02-27,22.4782,120.4151,0.1016
C0X050,東河,2022-02-27,23.296598,120.385608,0.0962
C0X060,下營,2022-02-27,23.22695,120.256261,0.0824
C0X080,佳里,2022-02-27,23.173039,120.145086,0.0664
C0X100,臺南市北區,2022-02-27,23.010394,120.194228,0.101
C0X110,臺南市南區,2022-02-27,22.961189,120.188378,0.0965
C0X120,麻豆,2022-02-27,23.183289,120.248611,0.0639
C0X130,官田,2022-02-27,23.193217,120.315422,0.0948
C0X140,西港,2022-02-27,23.125608,120.203108,0.088
C0X150,安定,2022-02-27,23.102614,120.227839,0.0753
C0X160,仁德,2022-02-27,22.968258,120.257689,0.1121
C0X170,關廟,2022-02-27,22.963017,120.327797,0.094
C0X180,山上,2022-02-27,23.0757,120.363253,0.0599
C0X190,安平,2022-02-27,22.993161,120.152181,0.101
C0X200,左鎮,2022-02-27,23.056758,120.408522,0.0624
C0X210,白河,2022-02-27,23.347466,120.414427,0.0941
C0X220,學甲,2022-02-27,23.230367,120.182187,0.0639
C0X230,鹽水,2022-02-27,23.272621,120.247641,0.0866
C0X240,關子嶺,2022-02-27,23.331169,120.508025,0.0102
C0X250,新營,2022-02-27,23.310689,120.316681,0.1096
C0X260,後壁,2022-02-27,23.366358,120.362326,0.0698
C0X280,將軍,2022-02-27,23.214999,120.13577,0.0664
C0X290,北門,2022-02-27,23.267772,120.125481,0.0664
C0X300,鹿寮,2022-02-27,23.386047,120.477331,0.0336
C0X310,七股,2022-02-27,23.147289,120.086253,0.1281
C0X320,柳營,2022-02-27,23.253328,120.375253,0.0962
C0Z020,明里,2022-02-27,23.208717,121.262342,0.0087
C0Z061,玉里,2022-02-27,23.3215,121.339656,0.0136
C0Z070,舞鶴,2022-02-27,23.46811,121.37407,0.4415
C0Z080,富源,2022-02-27,23.587642,121.378225,0.441
C0Z100,東華,2022-02-27,23.89525,121.549833,0.5631
C0Z150,吉安光華,2022-02-27,23.930925,121.595153,0.5802
C0Z160,鳳林,2022-02-27,23.746114,121.453411,0.4135
C0Z170,卓溪,2022-02-27,23.3443,121.3029,0.0113
C0Z180,新城,2022-02-27,24.03946,121.60454,0.4832
C0Z190,富世,2022-02-27,24.14743,121.6297,0.26
C0Z200,萬榮,2022-02-27,23.709219,121.420106,0.3938
C0Z210,瑞穗,2022-02-27,23.5239,121.39021,0.4168
C0Z230,和平,2022-02-27,24.30717,121.77007,0.3032
C0Z270,蕃薯寮,2022-02-27,23.73835,121.540108,0.4629
C0Z280,德武,2022-02-27,23.47426,121.41071,0.4556
C0Z300,東里,2022-02-27,23.26853,121.30547,0.0124
C0Z310,清水斷崖,2022-02-27,24.218294,121.689142,0.2946
C0Z330,安通山,2022-02-27,23.290728,121.348528,0.0116
CAA010,國一N013K,2022-02-27,25.06944,121.6281,0.0035
CAA020,國一S026K,2022-02-27,25.07639,121.4964,0.004
CAA030,國三S010K,2022-02-27,25.08,121.6475,0.0037
CAA040,國三S016K,2022-02-27,25.03306,121.6158,0.0033
CAA050,國三S037K,2022-02-27,24.9828,121.471,0.0035
CAA060,國三S042K,2022-02-27,24.96,121.4306,0.0034
CAA070,國三N046K,2022-02-27,24.95083,121.3958,0.0035
CAA080,國三S054K,2022-02-27,24.93917,121.3239,0.0017
CAA090,國三A005K,2022-02-27,25.00194,121.5975,0.0033
CAAH60,大安森林,2022-02-27,25.02955,121.53628,0.0039
CAB010,國一S001K,2022-02-27,25.11583,121.7286,0.0043
CAB020,國一S006K,2022-02-27,25.08694,121.6869,0.0047
CAB030,國三S004K,2022-02-27,25.11444,121.6886,0.0104
CAB040,國三S007K,2022-02-27,25.09694,121.6678,0.0035
CAB050,國三K002K,2022-02-27,25.14583,121.7217,0.0035
CAC010,國一S072K,2022-02-27,24.89583,121.1342,0.003
CAC020,國二E009K,2022-02-27,25.02111,121.2736,0.0016
CAC030,國三N063K,2022-02-27,24.889,121.26,0.0039
CAC050,西濱S023K,2022-02-27,25.11649,121.27551,0.0026
CAC060,西濱S032K,2022-02-27,25.091966,121.192505,0.0028
CAD010,國一S105K,2022-02-27,24.726316,120.940643,0.0052
CAD020,國一N077K,2022-02-27,24.885,121.0889,0.0028
CAD030,國一S082K,2022-02-27,24.87667,121.0467,0.0036
CAD040,國一S088K,2022-02-27,24.84444,121.0214,0.0029
CAD050,國一N094K,2022-02-27,24.79778,121.0089,0.0036
CAD060,國一S098K,2022-02-27,24.76056,120.9911,0.0036
CAD070,國三N076K,2022-02-27,24.800303,121.195739,0.0028
CAD080,國三N085K,2022-02-27,24.78333,121.1211,0.0033
CAD090,國三S103K,2022-02-27,24.75861,120.9608,0.0035
CAD100,西濱N066K,2022-02-27,24.8956,120.9649,0.0065
CAD110,西濱S082K,2022-02-27,24.751724,120.905028,0.0057
CAE010,國一N142K,2022-02-27,24.453119,120.783221,0.0046
CAE020,國一S114K,2022-02-27,24.668835,120.885811,0.0057
CAE030,國一S123K,2022-02-27,24.59594,120.86071,0.0046
CAE040,國一S132K,2022-02-27,24.524506,120.820831,0.005
CAE050,國一S152K,2022-02-27,24.375492,120.749184,0.0054
CAE060,國三N119K,2022-02-27,24.675432,120.847389,0.0054
CAE070,國三N151K,2022-02-27,24.440218,120.681656,0.0105
CAE080,國三S140K,2022-02-27,24.522345,120.725006,0.0078
CAE090,國三S156K,2022-02-27,24.39798,120.669487,0.0142
CAE100,西濱N107K,2022-02-27,24.5958,120.7394,0.0064
CAE110,西濱S129K,2022-02-27,24.4472,120.6428,0.0135
CAF010,國一N174K,2022-02-27,24.2049,120.6552,0.0242
CAF020,國一S162K,2022-02-27,24.295534,120.695976,0.0086
CAF030,國一S169K,2022-02-27,24.237116,120.688271,0.0151
CAF040,國一S188K,2022-02-27,24.118546,120.585747,0.0318
CAF050,國三N208K,2022-02-27,24.066147,120.660919,0.0318
CAF060,國三S168K,2022-02-27,24.308519,120.614471,0.0149
CAF070,國三S173K,2022-02-27,24.27397,120.593079,0.0092
CAF080,國三S178K,2022-02-27,24.226721,120.589058,0.0141
CAF090,國四E5K,2022-02-27,24.296465,120.643135,0.0112
CAF100,西濱N151K,2022-02-27,24.275964,120.547681,0.0219
CAG010,國一N198K,2022-02-27,24.063889,120.523056,0.0276
CAG030,國一S207K,2022-02-27,23.988304,120.508092,0.0456
CAG040,國三N191K,2022-02-27,24.139256,120.5215,0.0297
CAG050,國三N196K,2022-02-27,24.107155,120.554482,0.0349
CAG060,國三S202K,2022-02-27,24.092468,120.603256,0.0349
CAG070,西濱S173K,2022-02-27,24.1081,120.434576,0.0268
CAG080,西濱S189K,2022-02-27,23.987857,120.369607,0.0263
CAG090,西濱N210K,2022-02-27,23.843536,120.293236,0.0233
CAG100,王功漁港,2022-02-27,23.96824,120.32586,0.0263
CAH010,國三N223K,2022-02-27,23.955116,120.662376,0.0159
CAH020,國三S217K,2022-02-27,24.00683,120.653214,0.0697
CAH030,茶改場竹圍站,2022-02-27,23.860083,120.637528,0.0122
CAHA00,消防署訓練中心,2022-02-27,23.82137,120.72293,0.016
CAJ010,國三N252K,2022-02-27,23.77412,120.64061,0.0231
CAJ020,國一N234K,2022-02-27,23.74633,120.467926,0.0315
CAJ030,西濱N222K,2022-02-27,23.737734,120.256132,0.0385
CAJ040,西濱S241K,2022-02-27,23.623426,120.172646,0.0371
CAJ050,海口故事園區,2022-02-27,23.57543,120.14121,0.0371
CAL010,國一N250K,2022-02-27,23.610292,120.436867,0.0642
CAL020,國一S262K,2022-02-27,23.512333,120.403038,0.0633
CAL030,國一N268K,2022-02-27,23.460833,120.375833,0.0633
CAL040,國一N273K,2022-02-27,23.416666,120.355,0.0746
CAL050,國三N279K,2022-02-27,23.596111,120.523333,0.0305
CAL060,國三S286K,2022-02-27,23.533917,120.484583,0.0278
CAL070,國三N295K,2022-02-27,23.468598,120.499369,0.0289
CAL080,國三N303K,2022-02-27,23.428611,120.452416,0.0641
CAL090,西濱S257K,2022-02-27,23.502278,120.171861,0.0547
CAL100,西濱S267K,2022-02-27,23.41613,120.162872,0.0733
CAL110,布袋國中,2022-02-27,23.35893,120.18026,0.0684
CAN010,國一N288K,2022-02-27,23.30609,120.290033,0.1154
CAN020,國一S306K,2022-02-27,23.1565,120.239513,0.0639
CAN030,國一N316K,2022-02-27,23.07309,120.253014,0.0878
CAN040,國一N323K,2022-02-27,23.00421,120.245922,0.0925
CAN050,國一N335K,2022-02-27,22.897584,120.269895,0.1634
CAN060,國三S311K,2022-02-27,23.346388,120.438888,0.0895
CAN070,國三S329K,2022-02-27,23.212777,120.355833,0.0608
CAN080,國三N336K,2022-02-27,23.154722,120.345,0.0896
CAN090,國三S342K,2022-02-27,23.106694,120.327528,0.0802
CAN100,國三S366K,2022-02-27,22.9077,120.3513,0.0637
CAN110,西濱S280K,2022-02-27,23.3052,120.14891,0.0664
CAN120,西濱N304K,2022-02-27,23.103439,120.086694,0.0666
CAN130,水試所海水繁養殖中心,2022-02-27,23.120802,120.07968,0.0706
CAN140,六官養殖協會,2022-02-27,23.22881,120.29962,0.0779
CAP010,國一S342K,2022-02-27,22.845555,120.295,0.082
CAP020,國一S346K,2022-02-27,22.812222,120.314166,0.082
CAP030,國一N351K,2022-02-27,22.765833,120.328888,0.0776
CAP040,國一N361K,2022-02-27,22.680555,120.328611,0.1088
CAP050,國三N372K,2022-02-27,22.858611,120.373611,0.0402
CAP060,國三S385K,2022-02-27,22.767777,120.444444,0.0354
CAP070,高雄燈塔,2022-02-27,22.6146,120.2647,0.1006
CAQ010,國三N425K,2022-02-27,22.480277,120.531666,0.0904
CAQ020,國三S415K,2022-02-27,22.568,120.528,0.0729
CAQ030,崎峰國小,2022-02-27,22.42565,120.49521,0.0956
E2K600,四湖植物園,2022-02-27,23.676986,120.163433,0.0229
E2P980,林試六龜中心,2022-02-27,22.991703,120.645722,0.0285
E2S390,太麻里分所,2022-02-27,22.5988,120.9811,0.1723
E2S960,林試太麻里2,2022-02-27,22.598014,120.989761,0.2359
E2S980,林試太麻里1,2022-02-27,22.598922,120.980044,0.1723
G2AI50,關渡,2022-02-27,25.11575,121.492,0.004
G2F820,農試所(霧峰),2022-02-27,24.031261,120.688133,0.0697
G2L020,嘉義分所,2022-02-27,23.485028,120.473806,0.0289
G2M350,溪口農場,2022-02-27,23.58565,120.408111,0.0704
G2P820,鳳山園試所,2022-02-27,22.646611,120.356083,0.092
K2E360,苗栗農改場,2022-02-27,24.495722,120.829111,0.0099
K2E710,大湖分場,2022-02-27,24.422861,120.871833,0.007
K2F750,種苗改良場,2022-02-27,24.225972,120.800917,0.0079
U2HA50,臺大竹山,2022-02-27,23.756972,120.681556,0.0209
V2C250,八德合作社,2022-02-27,24.93775,121.266389,0.0047
V2C260,八德蔬果,2022-02-27,24.978508,121.281819,0.0022
V2K610,大庄合作社,2022-02-27,23.8068,120.367939,0.0334
V2K620,麥寮合作社,2022-02-27,23.753836,120.294783,0.0233
